BASE
128         0           0           0
100000000   000000000   000000000   000000000

KERNEL
128         0           0           0           -   129         0           0           0
100000000   000000000   000000000   000000000   -   100000001   000000000   000000000   000000000

PAGE TABLE
130         0           0           0           -   132         0           0           0
100000010   000000000   000000000   000000000   -   100000100   000000000   000000000   000000000

ALLOC
132         0           0           0           -   133         0           0           0
100000100   000000000   000000000   000000000   -   100000101   000000000   000000000   000000000

PHYSICAL MAP
134         0           0           0           -   135         0           0           0
100000110   000000000   000000000   000000000   -   100000111   000000000   000000000   000000000

DEVICE MAP
135         0           0           0           -   136         0           0           0
100000111   000000000   000000000   000000000   -   100001000   000000000   000000000   000000000